bbeta=0.9825;
ddelta=0.025;
ttheta=0.36;
zbar=1;
rrhozz=0.9457;
ssigmaepsz=2.025e-05;
kss=27.85519582934274;
css=2.616199054144095;
